38.662610 -9.148150
38.662610 -9.148150
38.662610 -9.148150
38.662610 -9.148150
38.662610 -9.148150
38.662610 -9.148160
38.662610 -9.148160
38.662600 -9.148160
38.662600 -9.148160
38.662600 -9.148160
38.662600 -9.148160
38.662600 -9.148160
38.662590 -9.148150
38.662590 -9.148150
38.662590 -9.148150
38.662590 -9.148150
38.662590 -9.148150
38.662590 -9.148160
38.662590 -9.148150
38.662590 -9.148150
38.662590 -9.148150
38.662580 -9.148150
38.662580 -9.148150
38.662580 -9.148150
38.662580 -9.148150
38.662580 -9.148150
38.662580 -9.148150
38.662580 -9.148150
38.662580 -9.148150
38.662580 -9.148140
38.662580 -9.148140
38.662570 -9.148140
38.662570 -9.148140
38.662570 -9.148140
38.662570 -9.148140
38.662570 -9.148140
38.662570 -9.148140
38.662570 -9.148140
38.662570 -9.148140
38.662570 -9.148140
38.662560 -9.148140
38.662560 -9.148140
38.662560 -9.148140
38.662560 -9.148140
38.662560 -9.148140
38.662560 -9.148140
38.662560 -9.148140
38.662560 -9.148140
38.662560 -9.148140
38.662560 -9.148140
38.662560 -9.148140
38.662560 -9.148140
38.662560 -9.148140
38.662560 -9.148140
38.662560 -9.148140
38.662560 -9.148140
38.662570 -9.148140
38.662570 -9.148140
38.662570 -9.148140
38.662570 -9.148140
38.662570 -9.148140
38.662570 -9.148140
38.662570 -9.148140
38.662570 -9.148140
38.662580 -9.148140
38.662580 -9.148140
38.662590 -9.148140
38.662590 -9.148150
38.662590 -9.148150
38.662600 -9.148150
38.662600 -9.148150
38.662600 -9.148150
38.662600 -9.148150
38.662600 -9.148150
38.662600 -9.148150
38.662600 -9.148150
38.662600 -9.148150
38.662590 -9.148150
38.662590 -9.148150
38.662590 -9.148150
38.662580 -9.148150
38.662580 -9.148150
38.662580 -9.148150
38.662580 -9.148150
38.662580 -9.148150
38.662580 -9.148150
38.662580 -9.148150
38.662580 -9.148150
38.662570 -9.148140
38.662580 -9.148140
38.662570 -9.148140
38.662570 -9.148140
38.662570 -9.148140
38.662570 -9.148140
38.662570 -9.148140
38.662560 -9.148140
38.662560 -9.148140
38.662560 -9.148140
38.662560 -9.148140
38.662560 -9.148140
38.662560 -9.148140
38.662560 -9.148140
38.662560 -9.148140
38.662560 -9.148140
38.662560 -9.148140
38.662560 -9.148140
38.662550 -9.148140
38.662550 -9.148140
38.662550 -9.148140
38.662550 -9.148140
38.662540 -9.148140
38.662540 -9.148140
38.662540 -9.148140
38.662540 -9.148140
38.662540 -9.148140
38.662540 -9.148130
38.662540 -9.148130
38.662540 -9.148130
38.662540 -9.148130
38.662540 -9.148130
38.662540 -9.148130
38.662540 -9.148130
38.662540 -9.148130
38.662540 -9.148130
38.662550 -9.148120
38.662550 -9.148120
38.662550 -9.148130
38.662550 -9.148130
38.662550 -9.148120
38.662550 -9.148130
38.662550 -9.148120
38.662560 -9.148130
38.662560 -9.148130
38.662560 -9.148130
38.662570 -9.148130
38.662570 -9.148130
38.662570 -9.148130
38.662570 -9.148130
38.662570 -9.148130
38.662570 -9.148130
38.662570 -9.148130
38.662570 -9.148130
38.662570 -9.148130
38.662570 -9.148130
38.662570 -9.148130
38.662580 -9.148120
38.662580 -9.148120
38.662580 -9.148120
38.662580 -9.148120
38.662580 -9.148120
38.662580 -9.148120
38.662580 -9.148120
38.662580 -9.148120
38.662580 -9.148120
38.662590 -9.148120
38.662590 -9.148120
38.662590 -9.148120
38.662590 -9.148130
38.662590 -9.148130
38.662590 -9.148130
38.662590 -9.148130
38.662590 -9.148120
38.662590 -9.148120
38.662590 -9.148120
38.662590 -9.148120
38.662590 -9.148120
38.662590 -9.148120
38.662590 -9.148120
38.662590 -9.148120
38.662590 -9.148120
38.662590 -9.148120
38.662590 -9.148120
38.662590 -9.148120
38.662590 -9.148120
38.662590 -9.148120
38.662590 -9.148120
38.662590 -9.148110
38.662580 -9.148110
38.662580 -9.148110
38.662580 -9.148110
38.662580 -9.148100
38.662580 -9.148100
38.662580 -9.148100
38.662590 -9.148100
38.662590 -9.148100
38.662590 -9.148100
38.662590 -9.148100
38.662590 -9.148100
38.662590 -9.148100
38.662590 -9.148100
38.662590 -9.148100
38.662590 -9.148100
38.662600 -9.148100
38.662600 -9.148100
38.662600 -9.148100
38.662600 -9.148100
38.662600 -9.148100
38.662600 -9.148100
38.662600 -9.148100
38.662600 -9.148100
38.662600 -9.148100
38.662600 -9.148100
38.662610 -9.148100
38.662610 -9.148100
38.662610 -9.148100
38.662600 -9.148100
38.662600 -9.148100
38.662600 -9.148100
38.662600 -9.148100
38.662600 -9.148100
38.662600 -9.148100
38.662600 -9.148100
38.662600 -9.148100
38.662590 -9.148100
38.662590 -9.148100
38.662590 -9.148100
38.662590 -9.148100
38.662590 -9.148100
38.662590 -9.148100
38.662590 -9.148100
38.662590 -9.148100
38.662590 -9.148100
38.662590 -9.148100
38.662590 -9.148100
38.662590 -9.148100
38.662590 -9.148100
38.662590 -9.148100
38.662590 -9.148100
38.662590 -9.148100
38.662590 -9.148100
38.662590 -9.148100
38.662590 -9.148100
38.662590 -9.148100
38.662590 -9.148100
38.662590 -9.148100
38.662590 -9.148100
38.662590 -9.148100
38.662590 -9.148100
38.662590 -9.148100
38.662590 -9.148100
38.662590 -9.148100
38.662590 -9.148100
38.662590 -9.148110
38.662590 -9.148110
38.662590 -9.148110
38.662590 -9.148110
38.662590 -9.148110
38.662590 -9.148110
38.662590 -9.148110
38.662590 -9.148120
38.662590 -9.148120
38.662590 -9.148120
38.662590 -9.148120
38.662590 -9.148110
38.662590 -9.148110
38.662590 -9.148110
38.662590 -9.148110
38.662600 -9.148110
38.662600 -9.148110
38.662600 -9.148110
38.662610 -9.148110
38.662610 -9.148110
38.662610 -9.148110
38.662610 -9.148110
38.662610 -9.148100
38.662610 -9.148100
38.662610 -9.148100
38.662610 -9.148100
38.662610 -9.148100
38.662610 -9.148100
38.662610 -9.148100
38.662610 -9.148100
38.662610 -9.148100
38.662610 -9.148100
38.662610 -9.148100
38.662600 -9.148100
38.662600 -9.148100
38.662600 -9.148100
38.662600 -9.148100
38.662600 -9.148100
38.662600 -9.148100
38.662600 -9.148100
38.662590 -9.148090
38.662590 -9.148090
38.662590 -9.148090
38.662590 -9.148090
38.662590 -9.148100
38.662590 -9.148100
38.662590 -9.148100
38.662580 -9.148100
38.662580 -9.148100
38.662580 -9.148100
38.662580 -9.148100
38.662580 -9.148100
38.662580 -9.148100
38.662570 -9.148100
38.662570 -9.148100
38.662570 -9.148100
38.662570 -9.148100
38.662570 -9.148100
38.662570 -9.148100
38.662570 -9.148100
38.662570 -9.148100
38.662570 -9.148110
38.662570 -9.148110
38.662570 -9.148110
38.662580 -9.148110
38.662580 -9.148110
38.662570 -9.148110
38.662570 -9.148110
38.662570 -9.148110
38.662570 -9.148110
38.662560 -9.148110
38.662560 -9.148120
38.662560 -9.148120
38.662560 -9.148120
38.662550 -9.148120
38.662550 -9.148120
38.662550 -9.148120
38.662550 -9.148130
38.662550 -9.148130
38.662550 -9.148130
38.662550 -9.148130
38.662550 -9.148130
38.662550 -9.148130
38.662550 -9.148140
38.662550 -9.148140
38.662550 -9.148140
38.662550 -9.148150
38.662550 -9.148150
38.662550 -9.148150
38.662550 -9.148150
38.662540 -9.148150
38.662540 -9.148150
38.662540 -9.148150
38.662540 -9.148150
38.662540 -9.148160
38.662540 -9.148160
38.662540 -9.148160
38.662540 -9.148160
38.662540 -9.148160
38.662550 -9.148160
38.662550 -9.148160
38.662550 -9.148160
38.662550 -9.148160
38.662550 -9.148160
38.662550 -9.148160
38.662550 -9.148160
38.662550 -9.148160
38.662550 -9.148160
38.662550 -9.148160
38.662550 -9.148160
38.662550 -9.148160
38.662550 -9.148160
38.662550 -9.148160
38.662550 -9.148160
38.662550 -9.148160
38.662540 -9.148160
38.662540 -9.148160
38.662550 -9.148160
38.662550 -9.148160
38.662550 -9.148160
38.662550 -9.148160
38.662550 -9.148160
38.662550 -9.148160
38.662550 -9.148160
38.662550 -9.148160
38.662550 -9.148160
38.662550 -9.148160
38.662550 -9.148160
38.662550 -9.148160
38.662550 -9.148160
38.662560 -9.148160
38.662560 -9.148160
38.662560 -9.148150
38.662560 -9.148150
38.662560 -9.148160
38.662560 -9.148160
38.662570 -9.148150
38.662570 -9.148150
38.662560 -9.148150
38.662560 -9.148150
38.662560 -9.148150
38.662560 -9.148150
38.662560 -9.148150
38.662560 -9.148150
38.662560 -9.148150
38.662560 -9.148140
38.662560 -9.148140
38.662560 -9.148140
38.662560 -9.148140
38.662560 -9.148140
38.662560 -9.148140
38.662570 -9.148140
38.662570 -9.148140
38.662570 -9.148140
38.662570 -9.148140
38.662570 -9.148140
38.662570 -9.148140
38.662570 -9.148140
38.662570 -9.148140
38.662570 -9.148140
38.662570 -9.148140
38.662570 -9.148140
38.662570 -9.148140
38.662570 -9.148140
38.662570 -9.148140
38.662570 -9.148140
38.662570 -9.148140
38.662570 -9.148140
38.662570 -9.148140
38.662570 -9.148130
38.662570 -9.148130
38.662570 -9.148130
38.662570 -9.148130
38.662570 -9.148130
38.662570 -9.148130
38.662570 -9.148130
38.662570 -9.148130
38.662570 -9.148130
38.662580 -9.148120
38.662580 -9.148120
38.662580 -9.148120
38.662580 -9.148120
38.662580 -9.148120
38.662580 -9.148120
38.662580 -9.148120
38.662580 -9.148120
38.662580 -9.148120
38.662580 -9.148130
38.662580 -9.148130
38.662580 -9.148130
38.662580 -9.148130
38.662580 -9.148130
38.662580 -9.148130
38.662570 -9.148130
38.662570 -9.148130
38.662570 -9.148130
38.662570 -9.148130
38.662560 -9.148130
38.662560 -9.148130
38.662560 -9.148130
38.662560 -9.148130
38.662560 -9.148130
38.662560 -9.148130
38.662560 -9.148130
38.662560 -9.148130
38.662560 -9.148130
38.662560 -9.148130
38.662560 -9.148130
38.662550 -9.148130
38.662550 -9.148130
38.662550 -9.148130
38.662550 -9.148130
38.662550 -9.148130
38.662550 -9.148130
38.662550 -9.148130
38.662550 -9.148130
38.662550 -9.148130
38.662550 -9.148130
38.662550 -9.148130
38.662550 -9.148130
38.662550 -9.148130
38.662560 -9.148120
38.662560 -9.148120
38.662560 -9.148120
38.662560 -9.148120
38.662560 -9.148120
38.662560 -9.148120
38.662560 -9.148120
38.662560 -9.148110
38.662560 -9.148110
38.662550 -9.148110
38.662550 -9.148110
38.662550 -9.148110
38.662550 -9.148110
38.662550 -9.148100
38.662550 -9.148100
38.662550 -9.148100
38.662550 -9.148100
38.662550 -9.148100
38.662550 -9.148100
38.662550 -9.148100
38.662550 -9.148100
38.662550 -9.148100
38.662550 -9.148100
38.662550 -9.148100
38.662550 -9.148100
38.662540 -9.148110
38.662540 -9.148110
38.662540 -9.148110
38.662540 -9.148110
38.662540 -9.148110
38.662540 -9.148110
38.662540 -9.148110
38.662540 -9.148110
38.662540 -9.148110
38.662540 -9.148110
38.662540 -9.148110
38.662540 -9.148110
38.662540 -9.148110
38.662540 -9.148110
38.662540 -9.148110
38.662540 -9.148110
38.662540 -9.148110
38.662540 -9.148110
38.662540 -9.148110
38.662540 -9.148110
38.662540 -9.148110
38.662550 -9.148110
38.662550 -9.148110
38.662550 -9.148110
38.662550 -9.148120
38.662550 -9.148120
38.662560 -9.148120
38.662560 -9.148120
38.662560 -9.148120
38.662570 -9.148120
38.662570 -9.148120
38.662570 -9.148120
38.662570 -9.148130
38.662570 -9.148130
38.662580 -9.148130
38.662580 -9.148130
38.662580 -9.148130
38.662580 -9.148130
38.662580 -9.148130
38.662580 -9.148130
38.662580 -9.148130
38.662580 -9.148130
38.662580 -9.148130
38.662580 -9.148130
38.662580 -9.148130
38.662580 -9.148130
38.662580 -9.148130
38.662580 -9.148130
38.662580 -9.148140
38.662580 -9.148140
38.662580 -9.148140
38.662580 -9.148140
38.662580 -9.148140
38.662580 -9.148140
38.662580 -9.148140
38.662580 -9.148140
38.662580 -9.148140
38.662580 -9.148140
38.662580 -9.148140
38.662570 -9.148140
38.662570 -9.148140
38.662570 -9.148140
38.662570 -9.148140
38.662570 -9.148140
38.662570 -9.148140
38.662570 -9.148140
38.662570 -9.148140
38.662560 -9.148140
38.662560 -9.148140
38.662560 -9.148140
38.662570 -9.148140
38.662570 -9.148140
38.662570 -9.148140
38.662570 -9.148140
38.662570 -9.148150
38.662570 -9.148150
38.662570 -9.148150
38.662570 -9.148150
38.662570 -9.148140
38.662570 -9.148140
38.662570 -9.148140
38.662570 -9.148140
38.662570 -9.148140
38.662570 -9.148140
38.662570 -9.148140
38.662570 -9.148140
38.662570 -9.148140
38.662570 -9.148140
38.662570 -9.148140
38.662560 -9.148140
38.662560 -9.148140
38.662560 -9.148140
38.662550 -9.148140
38.662550 -9.148140
38.662550 -9.148130
38.662550 -9.148130
38.662540 -9.148130
38.662540 -9.148130
38.662540 -9.148130
38.662530 -9.148130
38.662530 -9.148130
38.662530 -9.148130
38.662530 -9.148130
38.662530 -9.148130
38.662530 -9.148130
38.662520 -9.148120
38.662520 -9.148120
38.662510 -9.148120
38.662510 -9.148120
38.662510 -9.148120
38.662510 -9.148120
38.662510 -9.148120
38.662510 -9.148120
38.662510 -9.148120
38.662510 -9.148130
38.662510 -9.148130
38.662500 -9.148130
38.662500 -9.148130
38.662500 -9.148130
38.662500 -9.148130
38.662490 -9.148130
38.662490 -9.148130
38.662490 -9.148130
38.662490 -9.148130
38.662490 -9.148130
38.662490 -9.148130
38.662490 -9.148130
38.662490 -9.148130
38.662490 -9.148130
38.662480 -9.148130
38.662480 -9.148130
38.662480 -9.148130
38.662480 -9.148130
38.662480 -9.148130
38.662480 -9.148130
38.662480 -9.148130
38.662480 -9.148140
38.662480 -9.148140
38.662480 -9.148140
38.662480 -9.148140
38.662480 -9.148140
38.662480 -9.148140
38.662490 -9.148140
38.662490 -9.148140
38.662490 -9.148150
38.662490 -9.148150
38.662490 -9.148150
38.662490 -9.148150
38.662490 -9.148150
38.662490 -9.148150
38.662490 -9.148150
38.662490 -9.148150
38.662490 -9.148150
38.662490 -9.148150
38.662490 -9.148150
38.662490 -9.148150
38.662490 -9.148150
38.662500 -9.148150
38.662500 -9.148150
38.662500 -9.148150
38.662510 -9.148150
38.662510 -9.148150
38.662510 -9.148150
38.662510 -9.148150
38.662510 -9.148150
38.662510 -9.148150
38.662510 -9.148150
38.662510 -9.148150
38.662520 -9.148150
38.662520 -9.148150
38.662530 -9.148150
38.662530 -9.148150
38.662530 -9.148150
38.662530 -9.148150
38.662530 -9.148150
38.662540 -9.148150
38.662540 -9.148150
38.662540 -9.148150
38.662540 -9.148150
38.662540 -9.148150
38.662540 -9.148150
38.662540 -9.148150
38.662550 -9.148150
38.662550 -9.148150
38.662550 -9.148150
38.662550 -9.148150
38.662550 -9.148150
38.662550 -9.148150
38.662560 -9.148150
38.662560 -9.148150
38.662560 -9.148150
38.662560 -9.148150
38.662560 -9.148150
38.662560 -9.148150
38.662560 -9.148150
38.662560 -9.148160
38.662560 -9.148160
38.662560 -9.148160
38.662560 -9.148160
38.662560 -9.148160
38.662560 -9.148160
38.662560 -9.148160
38.662560 -9.148160
38.662560 -9.148160
38.662570 -9.148160
38.662570 -9.148160
38.662560 -9.148160
38.662560 -9.148160
38.662570 -9.148160
38.662560 -9.148160
38.662560 -9.148160
38.662560 -9.148160
38.662560 -9.148160
38.662560 -9.148160
38.662570 -9.148160
38.662560 -9.148160
38.662560 -9.148160
38.662560 -9.148160
38.662560 -9.148160
38.662570 -9.148160
38.662570 -9.148160
38.662570 -9.148160
38.662570 -9.148160
38.662570 -9.148160
38.662570 -9.148160
38.662570 -9.148160
38.662550 -9.148150
38.662550 -9.148150
38.662550 -9.148150
38.662550 -9.148150
38.662550 -9.148150
38.662540 -9.148150
38.662540 -9.148150
38.662540 -9.148150
38.662540 -9.148150
38.662540 -9.148150
38.662530 -9.148150
38.662530 -9.148150
38.662530 -9.148150
38.662530 -9.148150
38.662530 -9.148150
38.662530 -9.148150
38.662530 -9.148150
38.662530 -9.148150
38.662530 -9.148150
38.662530 -9.148150
38.662530 -9.148150
38.662530 -9.148150
38.662530 -9.148150
38.662530 -9.148150
38.662530 -9.148160
38.662530 -9.148160
38.662530 -9.148160
38.662530 -9.148160
38.662530 -9.148160
38.662530 -9.148160
38.662530 -9.148160
38.662530 -9.148160
38.662530 -9.148150
38.662530 -9.148150
38.662530 -9.148150
38.662530 -9.148150
38.662530 -9.148150
38.662530 -9.148150
38.662530 -9.148150
38.662530 -9.148150
38.662530 -9.148150
38.662530 -9.148150
38.662530 -9.148150
38.662510 -9.148150
38.662510 -9.148150
38.662510 -9.148150
38.662510 -9.148150
38.662510 -9.148150
38.662500 -9.148150
38.662500 -9.148150
38.662500 -9.148150
38.662500 -9.148150
38.662500 -9.148160
38.662500 -9.148160
38.662500 -9.148160
38.662500 -9.148160
38.662500 -9.148160
38.662500 -9.148160
38.662500 -9.148160
38.662500 -9.148160
38.662500 -9.148160
38.662500 -9.148160
38.662500 -9.148160
38.662500 -9.148160
38.662500 -9.148160
38.662480 -9.148150
38.662480 -9.148150
38.662480 -9.148150
38.662480 -9.148150
38.662480 -9.148150
38.662480 -9.148150
38.662480 -9.148150
38.662480 -9.148150
38.662480 -9.148150
38.662480 -9.148150
38.662480 -9.148150
38.662470 -9.148150
38.662470 -9.148150
38.662470 -9.148150
38.662470 -9.148150
38.662470 -9.148150
38.662470 -9.148140
38.662470 -9.148140
38.662470 -9.148140
38.662470 -9.148140
38.662470 -9.148140
38.662470 -9.148140
38.662470 -9.148140
38.662470 -9.148140
38.662470 -9.148140
38.662480 -9.148140
38.662480 -9.148140
38.662480 -9.148140
38.662480 -9.148140
38.662480 -9.148140
38.662480 -9.148140
38.662490 -9.148140
38.662490 -9.148140
38.662500 -9.148140
38.662500 -9.148140
38.662510 -9.148140
38.662510 -9.148140
38.662510 -9.148140
38.662520 -9.148140
38.662520 -9.148140
38.662520 -9.148140
38.662520 -9.148140
38.662520 -9.148140
38.662520 -9.148140
38.662520 -9.148140
38.662520 -9.148140
38.662520 -9.148140
38.662540 -9.148150
38.662540 -9.148150
38.662530 -9.148150
38.662530 -9.148150
38.662530 -9.148150
38.662530 -9.148150
38.662530 -9.148140
38.662530 -9.148150
38.662530 -9.148150
38.662530 -9.148150
38.662530 -9.148150
38.662530 -9.148150
38.662520 -9.148150
38.662520 -9.148150
38.662520 -9.148150
38.662520 -9.148150
38.662520 -9.148150
38.662510 -9.148150
38.662510 -9.148150
38.662510 -9.148150
38.662510 -9.148150
38.662500 -9.148160
38.662500 -9.148160
38.662500 -9.148160
38.662490 -9.148160
38.662490 -9.148160
38.662490 -9.148160
38.662490 -9.148160
38.662490 -9.148160
38.662490 -9.148160
38.662490 -9.148150
38.662490 -9.148150
38.662480 -9.148150
38.662480 -9.148150
38.662480 -9.148150
38.662480 -9.148150
38.662480 -9.148150
38.662480 -9.148150
38.662480 -9.148150
38.662490 -9.148150
38.662490 -9.148150
38.662490 -9.148150
38.662490 -9.148150
38.662490 -9.148150
38.662490 -9.148150
38.662490 -9.148150
38.662490 -9.148160
38.662490 -9.148160
38.662490 -9.148160
38.662490 -9.148160
38.662500 -9.148160
38.662500 -9.148160
38.662510 -9.148170
38.662510 -9.148170
38.662510 -9.148170
38.662510 -9.148170
38.662520 -9.148170
38.662530 -9.148170
38.662530 -9.148170
38.662530 -9.148180
38.662530 -9.148180
38.662530 -9.148180
38.662530 -9.148180
38.662530 -9.148180
38.662530 -9.148180
38.662530 -9.148180
38.662530 -9.148180
38.662530 -9.148180
38.662530 -9.148180
38.662530 -9.148180
38.662540 -9.148180
38.662540 -9.148180
38.662540 -9.148180
38.662540 -9.148180
38.662540 -9.148180
38.662540 -9.148180
38.662540 -9.148180
38.662540 -9.148180
38.662540 -9.148180
38.662540 -9.148180
38.662540 -9.148180
38.662540 -9.148180
38.662540 -9.148180
38.662540 -9.148180
38.662540 -9.148180
38.662540 -9.148180
38.662540 -9.148180
38.662540 -9.148180
38.662540 -9.148180
38.662550 -9.148170
38.662550 -9.148170
38.662550 -9.148170
38.662550 -9.148160
38.662550 -9.148160
38.662550 -9.148160
38.662550 -9.148160
38.662550 -9.148160
38.662550 -9.148160
38.662550 -9.148160
38.662550 -9.148160
38.662550 -9.148160
38.662550 -9.148160
38.662550 -9.148160
38.662550 -9.148160
38.662550 -9.148160
38.662560 -9.148150
38.662560 -9.148150
38.662560 -9.148150
38.662560 -9.148150
38.662560 -9.148150
38.662560 -9.148150
38.662560 -9.148150
38.662560 -9.148150
38.662560 -9.148150
38.662560 -9.148140
38.662560 -9.148140
38.662560 -9.148140
38.662560 -9.148140
38.662560 -9.148130
38.662570 -9.148130
38.662570 -9.148130
38.662570 -9.148130
38.662580 -9.148130
38.662580 -9.148130
38.662580 -9.148130
38.662580 -9.148130
38.662580 -9.148130
38.662580 -9.148130
38.662580 -9.148130
38.662590 -9.148130
38.662590 -9.148130
38.662590 -9.148130
38.662590 -9.148130
38.662590 -9.148130
38.662590 -9.148130
38.662590 -9.148130
38.662590 -9.148130
38.662590 -9.148130
38.662590 -9.148130
38.662590 -9.148130
38.662590 -9.148130
38.662590 -9.148130
38.662590 -9.148130
38.662590 -9.148130
38.662590 -9.148130
38.662590 -9.148130
38.662590 -9.148130
38.662590 -9.148130
38.662590 -9.148140
38.662590 -9.148140
38.662590 -9.148140
38.662590 -9.148140
38.662590 -9.148140
38.662590 -9.148150
38.662590 -9.148150
38.662590 -9.148150
38.662590 -9.148150
38.662570 -9.148160
38.662570 -9.148160
38.662570 -9.148160
38.662570 -9.148160
38.662570 -9.148160
38.662570 -9.148160
38.662570 -9.148160
38.662570 -9.148170
38.662570 -9.148170
38.662570 -9.148170
38.662560 -9.148170
38.662570 -9.148170
38.662570 -9.148170
38.662570 -9.148170
38.662570 -9.148170
38.662570 -9.148170
38.662560 -9.148170
38.662560 -9.148170
38.662570 -9.148180
38.662570 -9.148180
38.662570 -9.148180
38.662570 -9.148180
38.662570 -9.148180
38.662570 -9.148180
38.662570 -9.148180
38.662570 -9.148180
38.662570 -9.148180
38.662570 -9.148180
38.662570 -9.148180
38.662570 -9.148180
38.662570 -9.148180
38.662570 -9.148180
38.662570 -9.148180
38.662580 -9.148180
38.662580 -9.148180
38.662580 -9.148170
38.662580 -9.148170
38.662580 -9.148170
38.662580 -9.148170
38.662580 -9.148170
38.662580 -9.148170
38.662580 -9.148170
38.662580 -9.148170
38.662580 -9.148170
38.662580 -9.148170
38.662580 -9.148170
38.662580 -9.148170
38.662590 -9.148160
38.662590 -9.148160
38.662590 -9.148160
38.662590 -9.148160
38.662590 -9.148160
38.662590 -9.148160
38.662590 -9.148160
38.662590 -9.148160
38.662590 -9.148160
38.662590 -9.148160
38.662590 -9.148160
38.662590 -9.148160
38.662590 -9.148160
38.662590 -9.148160
38.662590 -9.148160
38.662590 -9.148170
38.662590 -9.148170
38.662590 -9.148170
38.662590 -9.148170
38.662590 -9.148170
38.662590 -9.148170
38.662580 -9.148170
38.662580 -9.148170
38.662580 -9.148170
38.662580 -9.148170
38.662580 -9.148170
38.662580 -9.148170
38.662580 -9.148170
38.662580 -9.148170
38.662580 -9.148170
38.662580 -9.148180
38.662580 -9.148180
38.662580 -9.148180
38.662580 -9.148180
38.662570 -9.148180
38.662570 -9.148180
38.662570 -9.148180
38.662560 -9.148190
38.662560 -9.148190
38.662560 -9.148190
38.662560 -9.148190
38.662560 -9.148190
38.662560 -9.148190
38.662560 -9.148190
38.662560 -9.148190
38.662560 -9.148190
38.662570 -9.148180
38.662570 -9.148180
38.662570 -9.148180
38.662570 -9.148180
38.662570 -9.148180
38.662570 -9.148180
38.662570 -9.148180
38.662570 -9.148180
38.662570 -9.148180
38.662570 -9.148180
38.662570 -9.148180
38.662570 -9.148180
38.662570 -9.148180
38.662570 -9.148180
38.662570 -9.148180
38.662570 -9.148170
38.662570 -9.148170
38.662570 -9.148170
38.662570 -9.148170
38.662570 -9.148170
38.662570 -9.148170
38.662570 -9.148170
38.662570 -9.148170
38.662570 -9.148170
38.662570 -9.148170
38.662570 -9.148170
38.662570 -9.148170
38.662570 -9.148170
38.662570 -9.148160
38.662570 -9.148160
38.662570 -9.148160
38.662570 -9.148160
38.662570 -9.148160
38.662570 -9.148160
38.662570 -9.148160
38.662570 -9.148160
38.662570 -9.148160
38.662570 -9.148170
38.662570 -9.148170
38.662570 -9.148170
38.662570 -9.148170
38.662570 -9.148170
38.662570 -9.148170
38.662560 -9.148170
38.662560 -9.148170
38.662560 -9.148170
38.662560 -9.148170
38.662560 -9.148170
38.662550 -9.148180
38.662550 -9.148180
38.662550 -9.148180
38.662550 -9.148180
38.662550 -9.148180
38.662550 -9.148180
38.662540 -9.148180
38.662540 -9.148180
38.662540 -9.148190
38.662540 -9.148190
38.662540 -9.148190
38.662540 -9.148190
38.662540 -9.148190
38.662530 -9.148190
38.662530 -9.148190
38.662530 -9.148190
38.662530 -9.148190
38.662530 -9.148190
38.662530 -9.148190
38.662530 -9.148190
38.662530 -9.148190
38.662530 -9.148190
38.662530 -9.148190
38.662530 -9.148190
38.662530 -9.148190
38.662530 -9.148190
38.662530 -9.148180
38.662530 -9.148180
38.662530 -9.148180
38.662530 -9.148180
38.662530 -9.148180
38.662530 -9.148180
38.662530 -9.148180
38.662530 -9.148180
38.662530 -9.148180
38.662520 -9.148180
38.662520 -9.148180
38.662520 -9.148180
38.662520 -9.148180
38.662520 -9.148180
38.662520 -9.148180
38.662520 -9.148180
38.662520 -9.148180
38.662520 -9.148180
38.662520 -9.148190
38.662520 -9.148190
38.662520 -9.148190
38.662510 -9.148190
38.662510 -9.148190
38.662510 -9.148180
38.662510 -9.148180
38.662510 -9.148180
38.662510 -9.148180
38.662510 -9.148180
38.662510 -9.148180
38.662500 -9.148180
38.662500 -9.148180
38.662490 -9.148180
38.662490 -9.148180
38.662490 -9.148180
38.662490 -9.148180
38.662490 -9.148180
38.662490 -9.148180
38.662490 -9.148180
38.662490 -9.148170
38.662490 -9.148170
38.662490 -9.148160
38.662490 -9.148160
38.662480 -9.148160
38.662480 -9.148160
38.662480 -9.148160
38.662480 -9.148160
38.662480 -9.148150
38.662480 -9.148150
38.662480 -9.148140
38.662480 -9.148140
38.662480 -9.148140
38.662490 -9.148140
38.662490 -9.148140
38.662490 -9.148140
38.662490 -9.148140
38.662490 -9.148140
38.662490 -9.148140
38.662490 -9.148140
38.662490 -9.148140
38.662490 -9.148140
38.662490 -9.148140
38.662490 -9.148140
38.662490 -9.148140
38.662490 -9.148140
38.662500 -9.148140
38.662500 -9.148140
38.662510 -9.148140
38.662510 -9.148140
38.662510 -9.148140
38.662510 -9.148140
38.662510 -9.148140
38.662510 -9.148140
38.662510 -9.148140
38.662510 -9.148140
38.662510 -9.148140
38.662520 -9.148140
38.662520 -9.148140
38.662520 -9.148140
38.662520 -9.148140
38.662520 -9.148140
38.662520 -9.148140
38.662540 -9.148120
38.662540 -9.148120
38.662540 -9.148120
38.662540 -9.148120
38.662540 -9.148120
38.662550 -9.148110
38.662550 -9.148110
38.662550 -9.148110
38.662550 -9.148110
38.662560 -9.148110
38.662560 -9.148110
38.662560 -9.148110
38.662560 -9.148110
38.662560 -9.148110
38.662560 -9.148110
38.662560 -9.148110
38.662570 -9.148110
38.662570 -9.148110
38.662570 -9.148100
38.662570 -9.148100
38.662570 -9.148100
38.662570 -9.148100
38.662570 -9.148100
38.662570 -9.148100
38.662570 -9.148100
38.662570 -9.148090
38.662570 -9.148090
38.662580 -9.148090
38.662580 -9.148090
38.662580 -9.148090
38.662580 -9.148090
38.662590 -9.148090
38.662590 -9.148090
38.662590 -9.148080
38.662590 -9.148080
38.662590 -9.148080
38.662590 -9.148080
38.662590 -9.148080
38.662590 -9.148080
38.662590 -9.148080
38.662590 -9.148080
38.662590 -9.148080
38.662590 -9.148080
38.662590 -9.148080
38.662590 -9.148080
38.662590 -9.148080
38.662590 -9.148080
38.662590 -9.148080
38.662590 -9.148080
38.662580 -9.148080
38.662580 -9.148080
38.662580 -9.148080
38.662580 -9.148080
38.662580 -9.148080
38.662580 -9.148080
38.662580 -9.148080
38.662580 -9.148080
38.662580 -9.148080
38.662580 -9.148080
38.662580 -9.148080
38.662570 -9.148080
38.662570 -9.148080
38.662570 -9.148080
38.662570 -0.766670
38.662570 -0.766670
38.662570 -0.766670
38.662570 -0.766670
38.662570 -0.766670
38.662570 -9.148090
38.662570 -9.148090
38.662570 -9.148090
38.662570 -9.148090
38.662570 -9.148090
38.662560 -9.148090
38.662560 -9.148090
38.662560 -9.148090
38.662560 -9.148090
38.662560 -9.148090
38.662560 -9.148090
38.662560 -9.148100
38.662560 -9.148100
38.662560 -9.148100
38.662560 -9.148100
38.662560 -9.148100
38.662560 -9.148100
38.662560 -9.148100
38.662560 -9.148110
38.662560 -9.148110
38.662560 -9.148110
38.662560 -9.148110
38.662560 -9.148110
38.662560 -9.148110
38.662560 -9.148110
38.662550 -9.148110
38.662550 -9.148110
38.662550 -9.148120
38.662550 -9.148120
38.662560 -9.148120
38.662560 -9.148120
38.662560 -9.148120
38.662560 -9.148120
38.662560 -9.148120
38.662560 -9.148120
38.662560 -9.148110
38.662560 -9.148110
38.662560 -9.148110
38.662570 -9.148110
38.662570 -9.148110
38.662570 -9.148110
38.662570 -9.148110
38.662570 -9.148110
38.662570 -9.148110
38.662570 -9.148110
38.662570 -9.148110
38.662570 -9.148100
38.662570 -9.148100
38.662570 -9.148100
38.662560 -9.148110
38.662560 -9.148110
38.662560 -9.148110
38.662560 -9.148110
38.662560 -9.148110
38.662560 -9.148110
38.662560 -9.148110
38.662560 -9.148110
38.662560 -9.148110
38.662560 -9.148110
38.662560 -9.148110
38.662560 -9.148110
38.662560 -9.148110
38.662560 -9.148110
38.662560 -9.148110
38.662560 -9.148120
38.662560 -9.148120
38.662560 -9.148120
38.662560 -9.148120
38.662550 -9.148120
38.662550 -9.148120
38.662550 -9.148120
38.662550 -9.148120
38.662550 -9.148120
38.662540 -9.148120
38.662540 -9.148120
38.662540 -9.148120
38.662540 -9.148120
38.662550 -9.148120
38.662550 -9.148120
38.662550 -9.148120
38.662550 -9.148120
38.662550 -9.148120
38.662550 -9.148120
38.662550 -9.148120
38.662550 -9.148110
38.662550 -9.148110
38.662550 -9.148110
38.662550 -9.148110
38.662550 -9.148110
38.662550 -9.148110
38.662550 -9.148110
38.662550 -9.148110
38.662550 -9.148110
38.662550 -9.148100
38.662550 -9.148100
38.662540 -9.148100
38.662540 -9.148100
38.662540 -9.148100
38.662540 -9.148100
38.662540 -9.148100
38.662540 -9.148100
38.662540 -9.148100
38.662540 -9.148100
38.662540 -9.148100
38.662540 -9.148100
38.662540 -9.148100
38.662540 -9.148100
38.662540 -9.148100
38.662540 -9.148100
38.662540 -9.148100
38.662540 -9.148100
38.662540 -9.148100
38.662540 -9.148100
38.662540 -9.148100
38.662550 -9.148100
38.662550 -9.148100
38.662550 -9.148100
38.662550 -9.148100
38.662550 -9.148100
38.662550 -9.148100
38.662550 -9.148100
38.662550 -9.148110
38.662550 -9.148110
38.662550 -9.148110
38.662550 -9.148110
38.662550 -9.148100
38.662550 -9.148100
38.662550 -9.148100
38.662550 -9.148100
38.662550 -9.148100
38.662550 -9.148100
38.662550 -9.148100
38.662550 -9.148100
38.662550 -9.148100
38.662550 -9.148100
38.662550 -9.148100
38.662550 -9.148090
38.662550 -9.148090
38.662550 -9.148090
38.662550 -9.148090
38.662550 -9.148090
38.662550 -9.148090
38.662550 -9.148090
38.662550 -9.148090
38.662550 -9.148090
38.662550 -9.148090
38.662550 -9.148090
38.662550 -9.148100
38.662550 -9.148090
38.662540 -9.148100
38.662540 -9.148100
38.662540 -9.148100
38.662540 -9.148090
38.662540 -9.148090
38.662540 -9.148100
38.662540 -9.148100
38.662540 -9.148100
38.662540 -9.148100
38.662540 -9.148100
38.662540 -9.148100
38.662540 -9.148100
38.662540 -9.148100
38.662540 -9.148100
38.662540 -9.148100
38.662540 -9.148100
38.662540 -9.148100
38.662540 -9.148100
38.662550 -9.148100
38.662540 -9.148110
38.662540 -9.148110
38.662550 -9.148110
38.662540 -9.148110
38.662540 -9.148110
38.662540 -9.148110
38.662540 -9.148120
38.662540 -9.148120
38.662540 -9.148120
38.662540 -9.148120
38.662540 -9.148120
38.662540 -9.148120
38.662540 -9.148120
38.662540 -9.148120
38.662530 -9.148130
38.662530 -9.148130
38.662530 -9.148130
38.662530 -9.148130
38.662530 -9.148130
38.662530 -9.148130
38.662530 -9.148130
38.662530 -9.148130
38.662530 -9.148130
38.662530 -9.148130
38.662530 -9.148130
38.662530 -9.148130
38.662530 -9.148130
38.662520 -9.148130
38.662520 -9.148130
38.662520 -9.148130
38.662520 -9.148130
38.662520 -9.148130
38.662520 -9.148140
38.662520 -9.148140
38.662520 -9.148140
38.662520 -9.148140
38.662510 -9.148140
38.662510 -9.148140
38.662510 -9.148140
38.662510 -9.148150
38.662510 -9.148150
38.662510 -9.148150
38.662510 -9.148150
38.662510 -9.148150
38.662510 -9.148150
38.662510 -9.148150
38.662510 -9.148150
38.662510 -9.148150
38.662510 -9.148150
38.662520 -9.148150
38.662510 -9.148150
38.662510 -9.148150
38.662510 -9.148160
38.662510 -9.148160
38.662510 -9.148160
38.662510 -9.148160
38.662510 -9.148160
38.662510 -9.148160
38.662510 -9.148160
38.662510 -9.148160
38.662510 -9.148160
38.662540 -9.148160
38.662540 -9.148160
38.662550 -9.148160
38.662550 -9.148160
38.662560 -9.148160
38.662560 -9.148160
38.662560 -9.148160
38.662570 -9.148160
38.662570 -9.148160
38.662570 -9.148160
38.662570 -9.148160
38.662580 -9.148160
38.662580 -9.148160
38.662580 -9.148160
38.662580 -9.148160
38.662590 -9.148160
38.662590 -9.148160
38.662590 -9.148160
38.662590 -9.148160
38.662590 -9.148160
38.662590 -9.148160
38.662610 -9.148150
38.662610 -9.148150
38.662610 -9.148150
38.662610 -9.148150
38.662610 -9.148150
38.662610 -9.148150
38.662610 -9.148160
38.662610 -9.148160
38.662610 -9.148160
38.662610 -9.148160
38.662610 -9.148160
38.662610 -9.148160
38.662610 -9.148160
38.662610 -9.148160
38.662610 -9.148160
38.662610 -9.148160
38.662610 -9.148160
38.662610 -9.148160
38.662610 -9.148160
38.662610 -9.148160
38.662610 -9.148160
38.662610 -9.148160
38.662610 -9.148160
38.662610 -9.148160
38.662610 -9.148160
38.662600 -9.148160
38.662600 -9.148160
38.662600 -9.148150
38.662600 -9.148150
38.662610 -9.148150
38.662610 -9.148150
38.662610 -9.148150
38.662610 -9.148150
38.662600 -9.148150
38.662600 -9.148150
38.662600 -9.148150
38.662600 -9.148150
38.662600 -9.148150
38.662600 -9.148140
38.662600 -9.148140
38.662600 -9.148140
38.662600 -9.148140
38.662600 -9.148140
38.662600 -9.148140
38.662600 -9.148140
38.662600 -9.148140
38.662610 -9.148120
38.662610 -9.148120
38.662610 -9.148120
38.662610 -9.148120
38.662610 -9.148120
38.662610 -9.148120
38.662610 -9.148120
38.662610 -9.148120
38.662600 -9.148120
38.662600 -9.148120
38.662600 -9.148120
38.662600 -9.148110
38.662600 -9.148110
38.662600 -9.148110
38.662600 -9.148110
38.662600 -9.148110
38.662590 -9.148110
38.662590 -9.148110
38.662590 -9.148110
38.662590 -9.148110
38.662590 -9.148110
38.662590 -9.148110
38.662600 -9.148110
38.662600 -9.148110
38.662600 -9.148110
38.662600 -9.148100
38.662600 -9.148100
38.662610 -9.148100
38.662610 -9.148100
38.662610 -9.148090
38.662610 -9.148090
38.662610 -9.148090
38.662610 -9.148090
38.662620 -9.148090
38.662620 -9.148090
38.662620 -9.148090
38.662620 -9.148090
38.662620 -9.148090
38.662620 -9.148090
38.662620 -9.148090
38.662620 -9.148080
38.662620 -9.148080
38.662620 -9.148080
38.662620 -9.148090
38.662620 -9.148090
38.662620 -9.148090
38.662620 -9.148090
38.662620 -9.148080
38.662620 -9.148080
38.662620 -9.148080
38.662620 -9.148080
38.662620 -9.148090
38.662620 -9.148090
38.662620 -9.148090
38.662620 -9.148090
38.662620 -9.148090
38.662620 -9.148090
38.662610 -9.148100
38.662610 -9.148100
38.662610 -9.148100
38.662610 -9.148100
38.662610 -9.148100
38.662610 -9.148100
38.662610 -9.148100
38.662610 -9.148100
38.662610 -9.148100
38.662610 -9.148100
38.662610 -9.148100
38.662610 -9.148100
38.662610 -9.148100
38.662610 -9.148100
38.662600 -9.148110
38.662600 -9.148110
38.662600 -9.148120
38.662600 -9.148120
38.662600 -9.148120
38.662590 -9.148120
38.662590 -9.148130
38.662590 -9.148130
38.662590 -9.148140
38.662580 -9.148140
38.662570 -9.148150
38.662570 -9.148160
38.662570 -9.148160
38.662560 -9.148170
38.662560 -9.148170
38.662560 -9.148170
38.662560 -9.148170
38.662560 -9.148170
38.662560 -9.148170
38.662560 -9.148170
38.662560 -9.148170
38.662560 -9.148170
38.662560 -9.148190
38.662560 -9.148190
38.662560 -9.148200
38.662560 -9.148200
38.662560 -9.148210
38.662560 -9.148210
38.662560 -9.148210
38.662560 -9.148210
38.662560 -9.148200
38.662560 -9.148200
38.662570 -9.148200
38.662570 -9.148200
38.662560 -9.148200
38.662560 -9.148200
38.662560 -9.148200
38.662570 -9.148190
38.662570 -9.148190
38.662570 -9.148190
38.662570 -9.148190
38.662570 -9.148190
38.662570 -9.148190
38.662570 -9.148190
38.662570 -9.148190
38.662570 -9.148190
38.662570 -9.148200
38.662570 -9.148200
38.662570 -9.148200
38.662570 -9.148200
38.662570 -9.148200
38.662560 -9.148200
38.662560 -9.148200
38.662560 -9.148200
38.662570 -9.148200
38.662570 -9.148200
38.662570 -9.148200
38.662570 -9.148200
38.662570 -9.148200
38.662570 -9.148200
38.662570 -9.148200
38.662570 -9.148210
38.662570 -9.148210
38.662570 -9.148210
38.662570 -9.148210
38.662570 -9.148210
38.662570 -9.148210
38.662570 -9.148210
38.662560 -9.148220
38.662560 -9.148220
38.662570 -9.148220
38.662570 -9.148220
38.662570 -9.148210
38.662570 -9.148210
38.662580 -9.148210
38.662580 -9.148200
38.662580 -9.148200
38.662580 -9.148200
38.662580 -9.148200
38.662580 -9.148200
38.662580 -9.148200
38.662580 -9.148210
38.662580 -9.148210
38.662580 -9.148210
38.662580 -9.148210
38.662580 -9.148210
38.662580 -9.148210
38.662580 -9.148210
38.662580 -9.148210
38.662590 -9.148210
38.662590 -9.148210
38.662590 -9.148210
38.662590 -9.148210
38.662590 -9.148210
38.662590 -9.148210
38.662590 -9.148210
38.662590 -9.148200
38.662590 -9.148200
38.662600 -9.148200
38.662600 -9.148200
38.662600 -9.148200
38.662600 -9.148200
38.662600 -9.148190
38.662600 -9.148190
38.662600 -9.148190
38.662600 -9.148190
38.662600 -9.148190
38.662600 -9.148180
38.662600 -9.148180
38.662600 -9.148180
38.662600 -9.148180
38.662600 -9.148180
38.662600 -9.148180
38.662600 -9.148180
38.662610 -9.148180
38.662610 -9.148180
38.662600 -9.148180
38.662600 -9.148180
38.662600 -9.148180
38.662600 -9.148180
38.662590 -9.148180
38.662590 -9.148180
38.662590 -9.148180
38.662590 -9.148180
38.662590 -9.148170
38.662590 -9.148170
38.662590 -9.148170
38.662590 -9.148170
38.662590 -9.148170
38.662590 -9.148170
38.662590 -9.148170
38.662590 -9.148170
38.662590 -9.148170
38.662590 -9.148170
38.662590 -9.148170
38.662580 -9.148170
38.662580 -9.148170
38.662580 -9.148170
38.662580 -9.148160
38.662580 -9.148160
38.662570 -9.148160
38.662570 -9.148160
38.662570 -9.148160
38.662570 -9.148160
38.662560 -9.148160
38.662560 -9.148160
38.662560 -9.148150
38.662560 -9.148150
38.662560 -9.148150
38.662560 -9.148150
38.662560 -9.148150
38.662560 -9.148150
38.662560 -9.148150
38.662560 -9.148150
38.662560 -9.148150
38.662560 -9.148150
38.662560 -9.148150
38.662560 -9.148150
38.662560 -9.148150
38.662560 -9.148130
38.662560 -9.148130
38.662560 -9.148130
38.662560 -9.148120
38.662560 -9.148120
38.662560 -9.148120
38.662560 -9.148120
38.662560 -9.148120
38.662560 -9.148120
38.662560 -9.148120
38.662560 -9.148120
38.662560 -9.148120
38.662560 -9.148120
38.662560 -9.148120
38.662560 -9.148120
38.662560 -9.148120
38.662560 -9.148120
38.662560 -9.148120
38.662560 -9.148110
38.662560 -9.148110
38.662560 -9.148110
38.662560 -9.148110
38.662560 -9.148110
38.662560 -9.148110
38.662560 -9.148110
38.662560 -9.148110
38.662560 -9.148110
38.662560 -9.148110
38.662560 -9.148110
38.662560 -9.148110
38.662560 -9.148110
38.662560 -9.148110
38.662560 -9.148110
38.662560 -9.148110
38.662560 -9.148100
38.662560 -9.148100
38.662560 -9.148100
38.662560 -9.148100
38.662560 -9.148100
38.662560 -9.148100
38.662570 -9.148100
38.662570 -9.148100
38.662570 -9.148100
38.662570 -9.148100
38.662570 -9.148100
38.662570 -9.148100
38.662570 -9.148100
38.662570 -9.148080
38.662570 -9.148080
38.662570 -9.148090
38.662570 -9.148090
38.662570 -9.148090
38.662570 -9.148090
38.662570 -9.148090
38.662570 -9.148090
38.662570 -9.148090
38.662570 -9.148090
38.662570 -9.148090
38.662570 -9.148090
38.662570 -9.148090
38.662570 -9.148090
38.662570 -9.148090
38.662570 -9.148090
38.662570 -9.148090
38.662570 -9.148090
38.662570 -9.148090
38.662570 -9.148090
38.662570 -9.148090
38.662570 -9.148100
38.662570 -9.148100
38.662570 -9.148100
38.662570 -9.148090
38.662570 -9.148090
38.662570 -9.148090
38.662570 -9.148090
38.662570 -9.148090
38.662570 -9.148090
38.662570 -9.148090
38.662570 -9.148090
38.662560 -9.148080
38.662560 -9.148080
38.662560 -9.148070
38.662560 -9.148070
38.662560 -9.148070
38.662560 -9.148060
38.662560 -9.148060
38.662550 -9.148050
38.662550 -9.148050
38.662550 -9.148050
38.662550 -9.148050
38.662550 -9.148050
38.662550 -9.148050
38.662550 -9.148050
38.662540 -9.148030
38.662540 -9.148030
38.662540 -9.148030
38.662540 -9.148030
38.662540 -9.148020
38.662540 -9.148030
38.662540 -9.148030
38.662540 -9.148030
38.662550 -9.148030
38.662550 -9.148030
38.662550 -9.148040
38.662550 -9.148040
38.662550 -9.148040
38.662550 -9.148040
38.662550 -9.148040
38.662550 -9.148040
38.662550 -9.148040
38.662550 -9.148040
38.662550 -9.148040
38.662550 -9.148040
38.662550 -9.148040
38.662550 -9.148060
38.662550 -9.148060
38.662550 -9.148060
38.662560 -9.148060
38.662560 -9.148060
38.662560 -9.148070
38.662560 -9.148070
38.662560 -9.148070
38.662560 -9.148070
38.662560 -9.148070
38.662560 -9.148070
38.662560 -9.148060
38.662560 -9.148060
38.662560 -9.148070
38.662560 -9.148070
38.662560 -9.148070
38.662560 -9.148070
38.662560 -9.148070
38.662560 -9.148080
38.662560 -9.148080
38.662560 -9.148080
38.662560 -9.148080
38.662570 -9.148080
38.662570 -9.148080
38.662570 -9.148080
38.662570 -9.148080
38.662570 -9.148080
38.662570 -9.148080
38.662570 -9.148080
38.662580 -9.148080
38.662580 -9.148080
38.662580 -9.148080
38.662580 -9.148080
38.662580 -9.148080
38.662580 -9.148080
38.662580 -9.148070
38.662580 -9.148070
38.662580 -9.148070
38.662590 -9.148070
38.662590 -9.148070
38.662590 -9.148070
38.662590 -9.148070
38.662590 -9.148070
38.662590 -9.148070
38.662590 -9.148070
38.662590 -9.148070
38.662590 -9.148070
38.662590 -9.148090
38.662590 -9.148090
38.662590 -9.148100
38.662590 -9.148100
38.662580 -9.148110
38.662580 -9.148110
38.662580 -9.148110
38.662580 -9.148120
38.662580 -9.148130
38.662580 -9.148130
38.662580 -9.148130
38.662580 -9.148130
38.662580 -9.148140
38.662580 -9.148140
38.662580 -9.148140
38.662580 -9.148150
38.662580 -9.148150
38.662580 -9.148150
38.662580 -9.148150
38.662580 -9.148150
38.662580 -9.148150
38.662580 -9.148140
38.662580 -9.148140
38.662580 -9.148140
38.662580 -9.148140
38.662580 -9.148140
38.662580 -9.148140
38.662580 -9.148140
38.662570 -9.148140
38.662570 -9.148140
38.662580 -9.148140
38.662580 -9.148140
38.662570 -9.148140
38.662570 -9.148140
38.662570 -9.148140
38.662570 -9.148140
38.662570 -9.148140
38.662570 -9.148140
38.662570 -9.148140
38.662570 -9.148140
38.662570 -9.148140
38.662570 -9.148140
38.662570 -9.148140
38.662570 -9.148140
38.662570 -9.148140
38.662570 -9.148140
38.662560 -9.148150
38.662560 -9.148150
38.662560 -9.148150
38.662560 -9.148150
38.662560 -9.148150
38.662560 -9.148150
38.662550 -9.148150
38.662550 -9.148150
38.662540 -9.148150
38.662540 -9.148150
38.662540 -9.148150
38.662540 -9.148150
38.662540 -9.148150
38.662530 -9.148150
38.662530 -9.148150
38.662520 -9.148160
38.662520 -9.148160
38.662520 -9.148160
38.662520 -9.148160
38.662520 -9.148160
38.662520 -9.148160
38.662510 -9.148170
38.662510 -9.148170
38.662510 -9.148170
38.662500 -9.148170
38.662500 -9.148170
38.662490 -9.148170
38.662490 -9.148170
38.662490 -9.148170
38.662490 -9.148170
38.662490 -9.148180
38.662490 -9.148180
38.662490 -9.148190
38.662480 -9.148190
38.662480 -9.148200
38.662480 -9.148200
38.662480 -9.148200
38.662470 -9.148210
38.662470 -9.148210
38.662470 -9.148220
38.662470 -9.148220
38.662470 -9.148220
38.662470 -9.148220
38.662470 -9.148220
38.662470 -9.148220
38.662470 -9.148220
38.662510 -9.148220
38.662510 -9.148220
38.662510 -9.148220
38.662510 -9.148220
38.662520 -9.148210
38.662520 -9.148200
38.662520 -9.148200
38.662520 -9.148200
38.662520 -9.148200
38.662520 -9.148200
38.662520 -9.148190
38.662520 -9.148190
38.662520 -9.148190
38.662530 -9.148190
38.662530 -9.148190
38.662530 -9.148180
38.662530 -9.148180
38.662530 -9.148180
38.662530 -9.148180
38.662530 -9.148180
38.662530 -9.148180
38.662540 -9.148170
38.662540 -9.148170
38.662540 -9.148170
38.662550 -9.148170
38.662550 -9.148170
38.662550 -9.148160
38.662550 -9.148160
38.662550 -9.148160
38.662550 -9.148150
38.662550 -9.148150
38.662550 -9.148150
38.662550 -9.148150
38.662550 -9.148150
38.662550 -9.148150
38.662550 -9.148150
38.662550 -9.148150
38.662540 -9.148150
38.662540 -9.148150
38.662540 -9.148150
38.662540 -9.148150
38.662540 -9.148150
38.662540 -9.148150
38.662540 -9.148150
38.662540 -9.148150
38.662540 -9.148150
38.662530 -9.148150
38.662530 -9.148150
38.662530 -9.148150
38.662530 -9.148150
38.662530 -9.148150
38.662530 -9.148150
38.662540 -9.148150
38.662540 -9.148150
38.662540 -9.148150
38.662540 -9.148150
38.662540 -9.148150
38.662540 -9.148150
38.662540 -9.148150
38.662540 -9.148160
38.662540 -9.148160
38.662540 -9.148160
38.662540 -9.148160
38.662540 -9.148160
38.662540 -9.148160
38.662540 -9.148160
38.662540 -9.148160
38.662540 -9.148150
38.662540 -9.148150
38.662540 -9.148150
38.662550 -9.148150
38.662550 -9.148150
38.662550 -9.148140
38.662550 -9.148140
38.662550 -9.148140
38.662550 -9.148140
38.662550 -9.148140
38.662550 -9.148140
38.662550 -9.148140
38.662550 -9.148140
38.662550 -9.148140
38.662550 -9.148140
38.662550 -9.148140
38.662550 -9.148140
38.662550 -9.148140
38.662540 -9.148140
38.662540 -9.148140
38.662540 -9.148140
38.662540 -9.148140
38.662540 -9.148140
38.662540 -9.148140
38.662540 -9.148140
38.662540 -9.148130
38.662540 -9.148130
38.662540 -9.148130
38.662540 -9.148130
38.662540 -9.148120
38.662540 -9.148120
38.662540 -9.148120
38.662540 -9.148120
38.662540 -9.148120
38.662540 -9.148120
38.662540 -9.148130
38.662540 -9.148130
38.662540 -9.148130
38.662540 -9.148130
38.662540 -9.148130
38.662540 -9.148130
38.662540 -9.148130
38.662540 -9.148130
38.662540 -9.148130
38.662540 -9.148130
38.662540 -9.148130
38.662550 -9.148110
38.662550 -9.148110
38.662550 -9.148110
38.662550 -9.148110
38.662550 -9.148110
38.662550 -9.148110
38.662550 -9.148110
38.662550 -9.148110
38.662550 -9.148110
38.662550 -9.148120
38.662550 -9.148120
38.662550 -9.148120
38.662550 -9.148120
38.662550 -9.148120
38.662550 -9.148120
38.662550 -9.148120
38.662560 -9.148120
38.662560 -9.148120
38.662560 -9.148120
38.662560 -9.148120
38.662560 -9.148120
38.662560 -9.148120
38.662560 -9.148120
38.662560 -9.148120
38.662560 -9.148120
38.662560 -9.148110
38.662560 -9.148110
38.662550 -9.148110
38.662550 -9.148110
38.662550 -9.148120
38.662550 -9.148120
38.662550 -9.148120
38.662560 -9.148120
38.662560 -9.148120
38.662560 -9.148120
38.662560 -9.148130
38.662560 -9.148130
38.662560 -9.148130
38.662560 -9.148130
38.662560 -9.148130
38.662560 -9.148130
38.662560 -9.148130
38.662560 -9.148130
38.662560 -9.148130
38.662560 -9.148130
38.662560 -9.148130
38.662560 -9.148130
38.662570 -9.148130
38.662570 -9.148130
38.662570 -9.148130
38.662570 -9.148130
38.662570 -9.148130
38.662570 -9.148130
38.662570 -9.148130
38.662570 -9.148130
38.662570 -9.148120
38.662570 -9.148120
38.662570 -9.148120
38.662570 -9.148120
38.662570 -9.148120
38.662570 -9.148120
38.662570 -9.148120
38.662570 -9.148130
38.662570 -9.148130
38.662570 -9.148130
38.662570 -9.148130
38.662570 -9.148130
38.662570 -9.148130
38.662570 -9.148130
38.662570 -9.148130
38.662570 -9.148130
38.662570 -9.148130
38.662570 -9.148130
38.662560 -9.148120
38.662560 -9.148130
38.662570 -9.148120
38.662570 -9.148120
38.662570 -9.148130
38.662570 -9.148130
38.662570 -9.148130
38.662570 -9.148130
38.662570 -9.148130
38.662570 -9.148130
38.662570 -9.148130
38.662570 -9.148130
38.662570 -9.148130
38.662570 -9.148130
38.662570 -9.148130
38.662570 -9.148130
38.662570 -9.148130
38.662570 -9.148130
38.662560 -9.148130
38.662560 -9.148130
38.662560 -9.148130
38.662560 -9.148130
38.662560 -9.148120
38.662560 -9.148120
38.662560 -9.148130
38.662560 -9.148120
38.662550 -9.148130
38.662550 -9.148130
38.662540 -9.148130
38.662540 -9.148120
38.662540 -9.148120
38.662540 -9.148120
38.662540 -9.148120
38.662530 -9.148120
38.662530 -9.148120
38.662530 -9.148120
38.662530 -9.148120
38.662530 -9.148120
38.662530 -9.148120
38.662530 -9.148120
38.662530 -9.148120
38.662530 -9.148120
38.662530 -9.148130
38.662530 -9.148130
38.662540 -9.148140
38.662540 -9.148140
38.662540 -9.148140
38.662540 -9.148140
38.662540 -9.148140
38.662540 -9.148140
38.662540 -9.148140
38.662540 -9.148140
38.662540 -9.148140
38.662540 -9.148150
38.662540 -9.148150
38.662540 -9.148160
38.662540 -9.148160
38.662540 -9.148160
38.662540 -9.148160
38.662540 -9.148160
38.662540 -9.148160
38.662540 -9.148160
38.662530 -9.148160
38.662530 -9.148160
38.662530 -9.148150
38.662530 -9.148150
38.662530 -9.148160
38.662530 -9.148160
38.662520 -9.148160
38.662520 -9.148160
38.662520 -9.148160
38.662520 -9.148160
38.662520 -9.148160
38.662520 -9.148160
38.662520 -9.148160
38.662520 -9.148160
38.662520 -9.148160
38.662510 -9.148160
38.662510 -9.148160
38.662510 -9.148160
38.662510 -9.148160
38.662510 -9.148160
38.662510 -9.148160
38.662510 -9.148160
38.662510 -9.148160
38.662510 -9.148160
38.662510 -9.148160
38.662510 -9.148160
38.662510 -9.148150
38.662510 -9.148150
38.662510 -9.148150
38.662510 -9.148150
38.662510 -9.148140
38.662500 -9.148140
38.662500 -9.148140
38.662500 -9.148140
38.662500 -9.148140
38.662500 -9.148140
38.662500 -9.148140
38.662500 -9.148140
38.662500 -9.148140
38.662500 -9.148140
38.662500 -9.148140
38.662500 -9.148140
38.662500 -9.148140
38.662500 -9.148140
38.662510 -9.148140
38.662510 -9.148140
38.662510 -9.148140
38.662510 -9.148140
38.662510 -9.148130
38.662510 -9.148130
38.662510 -9.148130
38.662510 -9.148130
38.662500 -9.148120
38.662510 -9.148120
38.662510 -9.148120
38.662510 -9.148120
38.662510 -9.148120
38.662510 -9.148110
38.662510 -9.148110
38.662510 -9.148110
38.662510 -9.148110
38.662510 -9.148110
38.662510 -9.148110
38.662510 -9.148110
38.662510 -9.148110
38.662510 -9.148110
38.662520 -9.148100
38.662520 -9.148100
38.662530 -9.148100
38.662530 -9.148100
38.662530 -9.148100
38.662530 -9.148100
38.662530 -9.148090
38.662540 -9.148090
38.662540 -9.148090
38.662540 -9.148090
38.662540 -9.148090
38.662540 -9.148090
38.662540 -9.148090
38.662540 -9.148090
38.662540 -9.148090
38.662540 -9.148090
38.662540 -9.148090
38.662540 -9.148090
38.662540 -9.148090
38.662540 -9.148090
38.662540 -9.148090
38.662540 -9.148090
38.662550 -9.148100
38.662550 -9.148100
38.662550 -9.148100
38.662550 -9.148100
38.662540 -9.148100
38.662540 -9.148100
38.662540 -9.148100
38.662540 -9.148100
38.662540 -9.148100
38.662540 -9.148100
38.662540 -9.148100
38.662540 -9.148100
38.662540 -9.148100
38.662540 -9.148100
38.662540 -9.148100
38.662540 -9.148100
38.662540 -9.148100
38.662540 -9.148100
38.662540 -9.148100
38.662540 -9.148100
38.662540 -9.148100
38.662540 -9.148100
38.662540 -9.148110
38.662540 -9.148110
38.662550 -9.148110
38.662550 -9.148110
38.662550 -9.148110
38.662550 -9.148110
38.662550 -9.148110
38.662550 -9.148110
38.662550 -9.148110
38.662550 -9.148110
38.662550 -9.148110
38.662550 -9.148110
38.662550 -9.148110
38.662550 -9.148120
38.662550 -9.148120
38.662550 -9.148120
38.662550 -9.148120
38.662550 -9.148120
38.662550 -9.148120
38.662550 -9.148120
38.662550 -9.148120
38.662550 -9.148120
38.662540 -9.148120
38.662540 -9.148120
38.662540 -9.148120
38.662540 -9.148120
38.662540 -9.148110
38.662540 -9.148110
38.662540 -9.148110
38.662540 -9.148110
38.662540 -9.148110
38.662540 -9.148110
38.662540 -9.148110
38.662540 -9.148120
38.662540 -9.148120
38.662530 -9.148120
38.662530 -9.148120
38.662530 -9.148130
38.662530 -9.148130
38.662530 -9.148130
38.662530 -9.148130
38.662530 -9.148130
38.662530 -9.148130
38.662530 -9.148130
38.662530 -9.148130
38.662530 -9.148130
38.662530 -9.148130
38.662530 -9.148130
38.662530 -9.148130
38.662530 -9.148140
38.662530 -9.148140
38.662530 -9.148140
38.662530 -9.148140
38.662530 -9.148140
38.662530 -9.148140
38.662530 -9.148140
38.662530 -9.148140
38.662530 -9.148140
38.662530 -9.148140
38.662530 -9.148140
38.662530 -9.148140
38.662530 -9.148140
38.662530 -9.148140
38.662530 -9.148140
38.662530 -9.148140
38.662530 -9.148140
38.662530 -9.148140
38.662530 -9.148140
38.662530 -9.148140
38.662530 -9.148140
38.662530 -9.148140
38.662530 -9.148140
38.662530 -9.148140
38.662530 -9.148140
38.662530 -9.148140
38.662530 -9.148140
38.662530 -9.148130
38.662530 -9.148130
38.662530 -9.148130
38.662530 -9.148130
38.662530 -9.148130
38.662530 -9.148130
38.662530 -9.148130
38.662530 -9.148130
38.662530 -9.148130
38.662530 -9.148130
38.662530 -9.148130
38.662530 -9.148130
38.662530 -9.148120
38.662530 -9.148120
38.662530 -9.148110
38.662530 -9.148110
38.662530 -9.148110
38.662530 -9.148110
38.662530 -9.148110
38.662530 -9.148110
38.662530 -9.148120
38.662540 -9.148120
38.662540 -9.148120
38.662540 -9.148120
38.662540 -9.148120
38.662540 -9.148120
38.662540 -9.148120
38.662540 -9.148120
38.662540 -9.148120
38.662540 -9.148120
38.662540 -9.148120
38.662540 -9.148120
38.662540 -9.148120
38.662560 -9.148120
38.662560 -9.148120
38.662560 -9.148120
38.662560 -9.148120
38.662560 -9.148120
38.662570 -9.148120
38.662570 -9.148120
38.662570 -9.148120
38.662570 -9.148120
38.662570 -9.148120
38.662570 -9.148120
38.662570 -9.148120
38.662570 -9.148120
38.662570 -9.148120
38.662570 -9.148120
38.662570 -9.148120
38.662570 -9.148120
38.662570 -9.148120
38.662570 -9.148120
38.662570 -9.148120
38.662570 -9.148120
38.662570 -9.148120
38.662580 -9.148120
38.662580 -9.148120
38.662580 -9.148120
38.662580 -9.148120
38.662580 -9.148120
38.662570 -9.148110
38.662570 -9.148110
38.662570 -9.148110
38.662570 -9.148110
38.662570 -9.148120
38.662580 -9.148120
38.662580 -9.148120
38.662580 -9.148120
38.662580 -9.148120
38.662580 -9.148120
38.662580 -9.148120
38.662580 -9.148120
38.662580 -9.148120
38.662580 -9.148120
38.662580 -9.148120
38.662580 -9.148120
38.662580 -9.148120
38.662580 -9.148120
38.662580 -9.148120
38.662580 -9.148120
38.662580 -9.148110
38.662580 -9.148110
38.662580 -9.148110
38.662580 -9.148110
38.662580 -9.148110
38.662580 -9.148110
38.662580 -9.148110
38.662580 -9.148110
38.662580 -9.148120
38.662580 -9.148120
38.662570 -9.148110
38.662570 -9.148110
38.662570 -9.148110
38.662570 -9.148110
38.662570 -9.148110
38.662570 -9.148110
38.662570 -9.148110
38.662570 -9.148110
38.662570 -9.148110
38.662570 -9.148110
38.662570 -9.148110
38.662570 -9.148100
38.662570 -9.148100
38.662570 -9.148100
38.662570 -9.148100
38.662570 -9.148100
38.662570 -9.148100
38.662570 -9.148100
38.662570 -9.148090
38.662570 -9.148090
38.662570 -9.148090
38.662570 -9.148090
38.662570 -9.148090
38.662570 -9.148090
38.662570 -9.148090
38.662570 -9.148090
38.662570 -9.148090
38.662570 -9.148090
38.662570 -9.148090
38.662560 -9.148090
38.662560 -9.148090
38.662560 -9.148090
38.662560 -9.148090
38.662560 -9.148090
38.662560 -9.148090
38.662560 -9.148090
38.662560 -9.148080
38.662560 -9.148080
38.662560 -9.148080
38.662560 -9.148080
38.662560 -9.148080
38.662560 -9.148080
38.662560 -9.148080
38.662560 -9.148080
38.662560 -9.148080
38.662560 -9.148080
38.662560 -9.148080
38.662560 -9.148070
38.662560 -9.148070
38.662560 -9.148070
38.662560 -9.148070
38.662560 -9.148070
38.662560 -9.148070
38.662560 -9.148070
38.662560 -9.148070
38.662560 -9.148070
38.662560 -9.148070
38.662560 -9.148070
38.662560 -9.148070
38.662560 -9.148070
38.662560 -9.148070
38.662560 -9.148070
38.662560 -9.148070
38.662560 -9.148070
38.662560 -9.148070
38.662560 -9.148070
38.662560 -9.148070
38.662560 -9.148070
38.662560 -9.148070
38.662560 -9.148070
38.662560 -9.148070
38.662560 -9.148070
38.662560 -9.148070
38.662560 -9.148080
38.662560 -9.148080
38.662560 -9.148080
38.662560 -9.148080
38.662560 -9.148080
38.662560 -9.148080
38.662560 -9.148080
38.662560 -9.148080
38.662560 -9.148080
38.662560 -9.148090
38.662560 -9.148090
38.662560 -9.148090
38.662560 -9.148090
38.662560 -9.148100
38.662560 -9.148100
38.662560 -9.148110
38.662560 -9.148110
38.662560 -9.148110
38.662560 -9.148110
38.662560 -9.148110
38.662560 -9.148110
38.662560 -9.148110
38.662570 -9.148110
38.662570 -9.148110
38.662570 -9.148110
38.662570 -9.148110
38.662570 -9.148110
38.662570 -9.148110
38.662570 -9.148120
38.662570 -9.148120
38.662570 -9.148120
38.662570 -9.148120
38.662570 -9.148120
38.662570 -9.148120
38.662570 -9.148120
38.662560 -9.148120
38.662560 -9.148120
38.662560 -9.148120
38.662560 -9.148120
38.662560 -9.148120
38.662560 -9.148120
38.662560 -9.148120
38.662560 -9.148120
38.662560 -9.148120
38.662560 -9.148120
38.662560 -9.148120
38.662560 -9.148120
38.662560 -9.148120
38.662560 -9.148120
38.662560 -9.148120
38.662550 -9.148130
38.662550 -9.148130
38.662550 -9.148130
38.662550 -9.148130
38.662550 -9.148130
38.662550 -9.148130
38.662550 -9.148130
38.662550 -9.148130
38.662550 -9.148130
38.662550 -9.148130
38.662550 -9.148130
38.662550 -9.148130
38.662550 -9.148130
38.662550 -9.148130
38.662550 -9.148130
38.662550 -9.148130
38.662550 -9.148130
38.662550 -9.148130
38.662550 -9.148130
38.662550 -9.148130
38.662550 -9.148130
38.662550 -9.148130
38.662550 -9.148130
38.662550 -9.148130
38.662550 -9.148130
38.662550 -9.148110
38.662550 -9.148110
38.662550 -9.148110
38.662550 -9.148110
38.662550 -9.148110
38.662550 -9.148110
38.662550 -9.148110
38.662550 -9.148110
38.662550 -9.148110
38.662550 -9.148110
38.662550 -9.148110
38.662550 -9.148110
38.662550 -9.148110
38.662540 -9.148110
38.662540 -9.148110
38.662540 -9.148120
38.662540 -9.148120
38.662540 -9.148120
38.662540 -9.148120
38.662540 -9.148120
38.662540 -9.148120
38.662540 -9.148120
38.662540 -9.148120
38.662540 -9.148120
38.662540 -9.148120
38.662540 -9.148120
38.662540 -9.148120
38.662540 -9.148120
38.662540 -9.148120
38.662540 -9.148120
38.662540 -9.148130
38.662540 -9.148130
38.662540 -9.148130
38.662540 -9.148130
38.662540 -9.148130
38.662550 -9.148130
38.662550 -9.148130
38.662550 -9.148130
38.662550 -9.148130
38.662550 -9.148130
38.662550 -9.148130
38.662550 -9.148130
38.662550 -9.148130
38.662550 -9.148120
38.662550 -9.148120
38.662550 -9.148120
38.662550 -9.148110
38.662550 -9.148110
38.662550 -9.148110
38.662550 -9.148110
38.662560 -9.148110
38.662560 -9.148120
38.662560 -9.148120
38.662560 -9.148120
38.662560 -9.148110
38.662560 -9.148110
38.662560 -9.148110
38.662560 -9.148110
38.662560 -9.148110
38.662560 -9.148110
38.662560 -9.148110
38.662560 -9.148110
38.662560 -9.148110
38.662560 -9.148110
38.662560 -9.148110
38.662560 -9.148100
38.662560 -9.148100
38.662560 -9.148100
38.662570 -9.148100
38.662570 -9.148100
38.662560 -9.148100
38.662560 -9.148100
38.662560 -9.148100
38.662560 -9.148100
38.662560 -9.148090
38.662560 -9.148090
38.662560 -9.148090
38.662560 -9.148090
38.662560 -9.148090
38.662560 -9.148090
38.662560 -9.148090
38.662560 -9.148090
38.662560 -9.148090
38.662550 -9.148080
38.662550 -9.148080
38.662550 -9.148080
38.662550 -9.148080
38.662550 -9.148080
38.662550 -9.148080
38.662550 -9.148080
38.662550 -9.148080
38.662550 -9.148080
38.662550 -9.148080
38.662550 -9.148080
38.662550 -9.148080
38.662540 -9.148080
38.662540 -9.148090
38.662540 -9.148080
38.662550 -9.148090
38.662550 -9.148090
38.662550 -9.148090
38.662550 -9.148090
38.662550 -9.148090
38.662550 -9.148100
38.662550 -9.148100
38.662550 -9.148100
38.662550 -9.148100
38.662550 -9.148100
38.662550 -9.148100
38.662550 -9.148100
38.662550 -9.148100
38.662550 -9.148100
38.662550 -9.148100
38.662550 -9.148100
38.662550 -9.148110
38.662550 -9.148110
38.662550 -9.148110
38.662550 -9.148110
38.662550 -9.148110
38.662550 -9.148110
38.662540 -9.148110
38.662540 -9.148110
38.662550 -9.148110
38.662550 -9.148120
38.662550 -9.148120
38.662550 -9.148120
38.662550 -9.148120
38.662540 -9.148120
38.662540 -9.148120
38.662540 -9.148120
38.662540 -9.148120
38.662540 -9.148120
38.662540 -9.148120
38.662540 -9.148120
38.662540 -9.148120
38.662540 -9.148120
38.662540 -9.148120
38.662540 -9.148120
38.662540 -9.148120
38.662540 -9.148120
38.662540 -9.148120
38.662540 -9.148120
38.662540 -9.148120
38.662540 -9.148120
38.662540 -9.148120
38.662540 -9.148110
38.662540 -9.148110
38.662540 -9.148110
38.662540 -9.148110
38.662540 -9.148120
38.662540 -9.148120
38.662540 -9.148120
38.662540 -9.148120
38.662550 -9.148120
38.662550 -9.148120
38.662550 -9.148120
38.662550 -9.148120
38.662550 -9.148120
38.662550 -9.148120
38.662550 -9.148120
38.662550 -9.148120
38.662550 -9.148130
38.662550 -9.148130
38.662550 -9.148130
38.662550 -9.148130
38.662550 -9.148130
38.662550 -9.148140
38.662550 -9.148140
38.662550 -9.148140
38.662550 -9.148140
38.662550 -9.148140
38.662550 -9.148140
38.662550 -9.148140
38.662550 -9.148140
38.662550 -9.148140
38.662550 -9.148140
38.662550 -9.148140
38.662550 -9.148140
38.662540 -9.148130
38.662540 -9.148130
38.662540 -9.148130
38.662540 -9.148130
38.662540 -9.148130
38.662540 -9.148130
38.662540 -9.148130
38.662540 -9.148130
38.662540 -9.148130
38.662540 -9.148130
38.662540 -9.148130
38.662540 -9.148130
38.662540 -9.148130
38.662540 -9.148130
38.662540 -9.148130
38.662540 -9.148120
38.662540 -9.148120
38.662540 -9.148120
38.662540 -9.148120
38.662540 -9.148120
38.662540 -9.148120
38.662540 -9.148120
38.662540 -9.148120
38.662540 -9.148120
38.662540 -9.148120
38.662540 -9.148120
38.662540 -9.148120
38.662540 -9.148120
38.662540 -9.148120
38.662540 -9.148120
38.662540 -9.148120
38.662540 -9.148120
38.662540 -9.148120
38.662540 -9.148120
38.662540 -9.148120
38.662540 -9.148120
38.662540 -9.148120
38.662540 -9.148120
38.662540 -9.148120
38.662540 -9.148120
38.662540 -9.148120
38.662540 -9.148120
38.662540 -9.148120
38.662540 -9.148120
38.662530 -9.148120
38.662530 -9.148120
38.662530 -9.148120
38.662530 -9.148120
38.662540 -9.148120
38.662540 -9.148120
38.662540 -9.148120
38.662540 -9.148120
38.662540 -9.148120
38.662540 -9.148120
38.662540 -9.148120
38.662540 -9.148120
38.662540 -9.148120
38.662540 -9.148120
38.662540 -9.148120
38.662540 -9.148120
38.662540 -9.148120
38.662540 -9.148120
38.662540 -9.148120
38.662540 -9.148120
38.662540 -9.148120
38.662540 -9.148120
38.662530 -9.148120
38.662530 -9.148120
38.662530 -9.148120
38.662530 -9.148120
38.662540 -9.148120
38.662540 -9.148120
38.662540 -9.148120
38.662540 -9.148120
38.662540 -9.148120
38.662540 -9.148120
38.662540 -9.148120
38.662540 -9.148120
38.662540 -9.148120
38.662540 -9.148120
38.662540 -9.148120
38.662540 -9.148120
38.662540 -9.148120
38.662540 -9.148120
38.662540 -9.148120
38.662540 -9.148120
38.662540 -9.148120
38.662540 -9.148120
38.662540 -9.148130
38.662540 -9.148130
38.662540 -9.148130
38.662540 -9.148130
38.662540 -9.148130
38.662540 -9.148130
38.662530 -9.148130
38.662530 -9.148130
38.662530 -9.148130
38.662530 -9.148120
38.662530 -9.148120
38.662530 -9.148120
38.662530 -9.148120
38.662530 -9.148120
38.662530 -9.148120
38.662530 -9.148120
38.662530 -9.148120
38.662530 -9.148120
38.662530 -9.148120
38.662530 -9.148120
38.662530 -9.148120
38.662530 -9.148110
38.662530 -9.148110
38.662530 -9.148110
38.662520 -9.148120
38.662520 -9.148120
38.662520 -9.148120
38.662520 -9.148120
38.662520 -9.148120
38.662520 -9.148130
38.662520 -9.148130
38.662520 -9.148130
38.662520 -9.148130
38.662520 -9.148130
38.662530 -9.148120
38.662530 -9.148120
38.662530 -9.148120
38.662530 -9.148120
38.662530 -9.148120
38.662530 -9.148120
38.662530 -9.148120
38.662530 -9.148120
38.662530 -9.148120
38.662530 -9.148120
38.662530 -9.148120
38.662530 -9.148120
38.662530 -9.148120
38.662530 -9.148120
38.662540 -9.148120
38.662540 -9.148120
38.662540 -9.148120
38.662540 -9.148120
38.662540 -9.148120
38.662540 -9.148120
38.662540 -9.148120
38.662550 -9.148120
38.662550 -9.148120
38.662550 -9.148120
38.662550 -9.148120
38.662550 -9.148120
38.662550 -9.148120
38.662550 -9.148120
38.662550 -9.148120
38.662550 -9.148120
38.662550 -9.148120
38.662550 -9.148120
38.662550 -9.148120
38.662550 -9.148120
38.662550 -9.148110
38.662550 -9.148110
38.662550 -9.148110
38.662550 -9.148110
38.662550 -9.148110
38.662550 -9.148110
38.662550 -9.148120
38.662550 -9.148120
38.662550 -9.148120
38.662550 -9.148120
38.662550 -9.148120
38.662550 -9.148120
38.662550 -9.148120
38.662550 -9.148120
38.662550 -9.148120
38.662550 -9.148120
38.662550 -9.148120
38.662550 -9.148120
38.662550 -9.148120
38.662550 -9.148120
38.662550 -9.148120
38.662550 -9.148120
38.662550 -9.148140
38.662550 -9.148140
38.662550 -9.148140
38.662550 -9.148140
38.662560 -9.148140
38.662560 -9.148140
38.662560 -9.148140
38.662560 -9.148140
38.662560 -9.148140
38.662560 -9.148140
38.662560 -9.148140
38.662560 -9.148150
38.662560 -9.148150
38.662560 -9.148150
38.662560 -9.148150
38.662560 -9.148150
38.662560 -9.148150
38.662560 -9.148150
38.662560 -9.148150
38.662560 -9.148150
38.662560 -9.148150
38.662560 -9.148150
38.662560 -9.148150
38.662560 -9.148150
38.662560 -9.148140
38.662560 -9.148140
38.662560 -9.148140
38.662560 -9.148140
38.662560 -9.148140
38.662560 -9.148140
38.662550 -9.148140
38.662550 -9.148140
38.662550 -9.148140
38.662550 -9.148140
38.662550 -9.148140
38.662550 -9.148140
38.662550 -9.148140
38.662550 -9.148140
38.662550 -9.148140
38.662550 -9.148140
38.662550 -9.148140
38.662550 -9.148140
38.662550 -9.148140
38.662540 -9.148140
38.662540 -9.148140
38.662540 -9.148140
38.662540 -9.148140
38.662540 -9.148140
38.662540 -9.148130
38.662540 -9.148130
38.662540 -9.148130
38.662540 -9.148130
38.662540 -9.148130
38.662540 -9.148130
38.662540 -9.148120
38.662540 -9.148120
38.662540 -9.148120
38.662540 -9.148120
38.662540 -9.148120
38.662540 -9.148120
38.662540 -9.148120
38.662540 -9.148120
38.662540 -9.148120
38.662540 -9.148120
38.662540 -9.148120
38.662530 -9.148120
38.662530 -9.148120
38.662530 -9.148120
38.662530 -9.148120
38.662530 -9.148120
38.662530 -9.148120
38.662530 -9.148120
38.662530 -9.148120
38.662530 -9.148120
38.662530 -9.148120
38.662530 -9.148120
38.662530 -9.148120
38.662530 -9.148120
38.662530 -9.148120
38.662530 -9.148120
38.662530 -9.148120
38.662530 -9.148120
38.662530 -9.148120
38.662530 -9.148120
38.662530 -9.148120
38.662530 -9.148120
38.662530 -9.148120
38.662530 -9.148120
38.662530 -9.148120
38.662530 -9.148120
38.662540 -9.148130
38.662540 -9.148130
38.662540 -9.148130
38.662540 -9.148130
38.662540 -9.148130
38.662540 -9.148130
38.662550 -9.148130
38.662550 -9.148130
38.662550 -9.148140
38.662560 -9.148140
38.662560 -9.148140
38.662560 -9.148140
38.662560 -9.148140
38.662560 -9.148140
